17.5
88.0
7.0
54.5
98.5
25.0
53.0
3.0
55.5
92.0
2.5
36.5
60.0
33.0
97.5
13.5
100.0
72.5
77.0
25.0
50.5
76.5
79.0
92.0
52.5
53.5
13.0
76.0
50.0
98.5
4.5
54.5
18.5
11.0
6.5
6.0
66.0
92.5
2.0
15.5
94.5
57.0
57.5
86.0
62.0
45.0
32.5
63.5
99.5
47.5
35.0
87.0
99.5
95.0
25.0
52.5
25.5
82.0
59.0
7.5
72.5
35.0
1.5
42.5
32.0
72.5
22.0
12.0
18.5
59.0
19.0
13.5
72.5
90.5
91.0
31.5
100.0
67.5
68.0
98.0
21.0
34.5
24.0
43.5
26.5
84.0
97.5
41.0
98.0
60.5
44.0
42.0
18.0
77.5
4.0
10.5
91.5
83.0
46.5
12.0
98.0
47.5
86.5
21.5
84.0
66.0
78.5
73.0
89.5
44.0
76.5
91.5
90.0
74.0
38.5
40.5
45.0
66.0
49.0
4.5
84.5
61.0
47.0
80.5
63.5
67.0
47.5
87.0
47.5
40.0
92.5
48.5
53.0
80.0
42.5
53.5
99.0
65.0
65.5
41.0
83.5
52.0
68.0
84.0
20.5
62.0
92.5
31.0
52.5
51.0
5.0
99.0
77.5
18.5
62.0
49.5
52.0
52.0
31.5
59.0
97.0
40.0
100.0
71.0
95.0
6.5
63.0
39.5
54.0
64.0
47.5
94.5
100.0
94.0
70.0
74.0
100.0
51.0
95.0
57.5
36.5
63.5
49.5
7.0
87.5
70.5
85.5
3.5
74.0
32.0
56.0
96.0
62.0
66.0
91.5
32.0
39.5
92.0
77.5
84.0
67.0
73.0
42.5
87.5
72.0
43.5
2.0
48.0
100.0
68.5
4.0
82.5
44.0
60.5
9.0
18.0
87.0
10.0
4.0
44.5
97.5
79.0
37.5
86.5
55.5
74.0
69.5
81.0
32.5
28.0
58.0
89.5
24.0
17.5
85.0
41.5
43.0
40.0
40.5
80.5
5.0
74.5
37.0
48.0
31.0
79.5
7.5
42.0
71.5
50.0
5.5
51.0
91.5
63.0
31.5
82.0
74.0
66.0
25.5
55.0
88.5
39.5
62.0
88.0
29.0
5.5
24.5
31.0
76.0
85.0
79.0
59.0
9.5
29.0
76.5
84.0
35.5
9.0
19.0
82.5
41.5
42.5
46.0
29.0
6.0
47.5
68.0
73.0
41.5
42.0
96.5
90.5
75.0
45.5
27.0
32.0
67.0
6.0
96.5
63.0
41.0
62.5
11.0
29.5
40.0
22.5
64.5
60.0
99.0
77.0
18.0
51.0
43.0
21.0
6.5
37.0
36.5
38.0
76.5
94.5
75.0
72.0
42.0
90.0
14.5
44.0
76.5
36.0
15.5
18.5
40.5
62.0
69.0
69.5
5.5
29.0
70.5
10.0
24.5
88.0
80.5
65.0
45.0
29.0
5.0
34.0
69.5
88.0
74.5
62.0
56.5
86.0
69.0
37.0
43.5
57.0
88.5
43.0
18.0
77.5
54.0
92.0
40.0
60.0
18.0
11.5
98.5
22.0
3.5
49.0
10.5
21.0
39.5
51.0
10.0
29.0
1.5
81.0
14.5
51.0
